F						
1	0.1256637061	0	0.1253332336	0	0	0
2	0.2513274123	0	0.2486898872	0	0	0
3	0.3769911184	0	0.3681245527	0	0	0
4	0.5026548246	0	0.4817536741	0	0	0
5	0.6283185307	0	0.5877852523	0	0	0
6	0.7539822369	0	0.6845471059	0	0	0
7	0.879645943	0	0.7705132428	0	0	0
8	1.005309649	0	0.8443279255	0	0	0
9	1.130973355	0	0.9048270525	0	0	0
10	1.256637061	0	0.9510565163	0	0	0
11	1.382300768	0	0.9822872507	0	0	0
12	1.507964474	0	0.9980267284	0	0	0
13	1.63362818	0	0.9980267284	0	0	0
14	1.759291886	0	0.9822872507	0	0	0
15	1.884955592	0	0.9510565163	0	0	0
16	2.010619298	0	0.9048270525	0	0	0
17	2.136283004	0	0.8443279255	0	0	0
18	2.261946711	0	0.7705132428	0	0	0
19	2.387610417	0	0.6845471059	0	0	0
20	2.513274123	0	0.5877852523	0	0	0
21	2.638937829	0	0.4817536741	0	0	0
22	2.764601535	0	0.3681245527	0	0	0
23	2.890265241	0	0.2486898872	0	0	0
24	3.015928947	0	0.1253332336	0	0	0
25	3.141592654	0	0	0	0	0
26	3.26725636	0	-0.1253332336	0	0	0
27	3.392920066	0	-0.2486898872	0	0	0
28	3.518583772	0	-0.3681245527	0	0	0
29	3.644247478	0	-0.4817536741	0	0	0
30	3.769911184	0	-0.5877852523	0	0	0
31	3.89557489	0	-0.6845471059	0	0	0
32	4.021238597	0	-0.7705132428	0	0	0
33	4.146902303	0	-0.8443279255	0	0	0
34	4.272566009	0	-0.9048270525	0	0	0
35	4.398229715	0	-0.9510565163	0	0	0
36	4.523893421	0	-0.9822872507	0	0	0
37	4.649557127	0	-0.9980267284	0	0	0
38	4.775220833	0	-0.9980267284	0	0	0
39	4.90088454	0	-0.9822872507	0	0	0
40	5.026548246	0	-0.9510565163	0	0	0
41	5.152211952	0	-0.9048270525	0	0	0
42	5.277875658	0	-0.8443279255	0	0	0
43	5.403539364	0	-0.7705132428	0	0	0
44	5.52920307	0	-0.6845471059	0	0	0
45	5.654866776	0	-0.5877852523	0	0	0
46	5.780530483	0	-0.4817536741	0	0	0
47	5.906194189	0	-0.3681245527	0	0	0
48	6.031857895	0	-0.2486898872	0	0	0
49	6.157521601	0	-0.1253332336	0	0	0
50	6.283185307	0	0	0	0	0
51	6.408849013	0	0.1253332336	0	0	0
52	6.534512719	0	0.2486898872	0	0	0
53	6.660176426	0	0.3681245527	0	0	0
54	6.785840132	0	0.4817536741	0	0	0
55	6.911503838	0	0.5877852523	0	0	0
56	7.037167544	0	0.6845471059	0	0	0
57	7.16283125	0	0.7705132428	0	0	0
58	7.288494956	0	0.8443279255	0	0	0
59	7.414158662	0	0.9048270525	0	0	0
60	7.539822369	0	0.9510565163	0	0	0
61	7.665486075	0	0.9822872507	0	0	0
62	7.791149781	0	0.9980267284	0	0	0
63	7.916813487	0	0.9980267284	0	0	0
64	8.042477193	0	0.9822872507	0	0	0
65	8.168140899	0	0.9510565163	0	0	0
66	8.293804605	0	0.9048270525	0	0	0
67	8.419468312	0	0.8443279255	0	0	0
68	8.545132018	0	0.7705132428	0	0	0
69	8.670795724	0	0.6845471059	0	0	0
70	8.79645943	0	0.5877852523	0	0	0
71	8.922123136	0	0.4817536741	0	0	0
72	9.047786842	0	0.3681245527	0	0	0
73	9.173450548	0	0.2486898872	0	0	0
74	9.299114255	0	0.1253332336	0	0	0
75	9.424777961	0	0	0	0	0
76	9.550441667	0	-0.1253332336	0	0	0
77	9.676105373	0	-0.2486898872	0	0	0
78	9.801769079	0	-0.3681245527	0	0	0
79	9.927432785	0	-0.4817536741	0	0	0
80	10.05309649	0	-0.5877852523	0	0	0
81	10.1787602	0	-0.6845471059	0	0	0
82	10.3044239	0	-0.7705132428	0	0	0
83	10.43008761	0	-0.8443279255	0	0	0
84	10.55575132	0	-0.9048270525	0	0	0
85	10.68141502	0	-0.9510565163	0	0	0
86	10.80707873	0	-0.9822872507	0	0	0
87	10.93274243	0	-0.9980267284	0	0	0
88	11.05840614	0	-0.9980267284	0	0	0
89	11.18406985	0	-0.9822872507	0	0	0
90	11.30973355	0	-0.9510565163	0	0	0
91	11.43539726	0	-0.9048270525	0	0	0
92	11.56106097	0	-0.8443279255	0	0	0
93	11.68672467	0	-0.7705132428	0	0	0
94	11.81238838	0	-0.6845471059	0	0	0
95	11.93805208	0	-0.5877852523	0	0	0
96	12.06371579	0	-0.4817536741	0	0	0
97	12.1893795	0	-0.3681245527	0	0	0
98	12.3150432	0	-0.2486898872	0	0	0
99	12.44070691	0	-0.1253332336	0	0	0
100	12.56637061	0	0	0	0	0
101	12.69203432	0	0.1253332336	0	0	0
102	12.81769803	0	0.2486898872	0	0	0
103	12.94336173	0	0.3681245527	0	0	0
104	13.06902544	0	0.4817536741	0	0	0
105	13.19468915	0	0.5877852523	0	0	0
106	13.32035285	0	0.6845471059	0	0	0
107	13.44601656	0	0.7705132428	0	0	0
108	13.57168026	0	0.8443279255	0	0	0
109	13.69734397	0	0.9048270525	0	0	0
110	13.82300768	0	0.9510565163	0	0	0
111	13.94867138	0	0.9822872507	0	0	0
112	14.07433509	0	0.9980267284	0	0	0
113	14.19999879	0	0.9980267284	0	0	0
114	14.3256625	0	0.9822872507	0	0	0
115	14.45132621	0	0.9510565163	0	0	0
116	14.57698991	0	0.9048270525	0	0	0
117	14.70265362	0	0.8443279255	0	0	0
118	14.82831732	0	0.7705132428	0	0	0
119	14.95398103	0	0.6845471059	0	0	0
120	15.07964474	0	0.5877852523	0	0	0
121	15.20530844	0	0.4817536741	0	0	0
122	15.33097215	0	0.3681245527	0	0	0
123	15.45663586	0	0.2486898872	0	0	0
124	15.58229956	0	0.1253332336	0	0	0
125	15.70796327	0	0	0	0	0
126	15.83362697	0	-0.1253332336	0	0	0
127	15.95929068	0	-0.2486898872	0	0	0
128	16.08495439	0	-0.3681245527	0	0	0
129	16.21061809	0	-0.4817536741	0	0	0
130	16.3362818	0	-0.5877852523	0	0	0
131	16.4619455	0	-0.6845471059	0	0	0
132	16.58760921	0	-0.7705132428	0	0	0
133	16.71327292	0	-0.8443279255	0	0	0
134	16.83893662	0	-0.9048270525	0	0	0
135	16.96460033	0	-0.9510565163	0	0	0
136	17.09026404	0	-0.9822872507	0	0	0
137	17.21592774	0	-0.9980267284	0	0	0
138	17.34159145	0	-0.9980267284	0	0	0
139	17.46725515	0	-0.9822872507	0	0	0
140	17.59291886	0	-0.9510565163	0	0	0
141	17.71858257	0	-0.9048270525	0	0	0
142	17.84424627	0	-0.8443279255	0	0	0
143	17.96990998	0	-0.7705132428	0	0	0
144	18.09557368	0	-0.6845471059	0	0	0
145	18.22123739	0	-0.5877852523	0	0	0
146	18.3469011	0	-0.4817536741	0	0	0
147	18.4725648	0	-0.3681245527	0	0	0
148	18.59822851	0	-0.2486898872	0	0	0
149	18.72389222	0	-0.1253332336	0	0	0
150	18.84955592	0	0	0	0	0
151	18.97521963	0	0.1253332336	0	0	0
152	19.10088333	0	0.2486898872	0	0	0
153	19.22654704	0	0.3681245527	0	0	0
154	19.35221075	0	0.4817536741	0	0	0
155	19.47787445	0	0.5877852523	0	0	0
156	19.60353816	0	0.6845471059	0	0	0
157	19.72920186	0	0.7705132428	0	0	0
158	19.85486557	0	0.8443279255	0	0	0
159	19.98052928	0	0.9048270525	0	0	0
160	20.10619298	0	0.9510565163	0	0	0
161	20.23185669	0	0.9822872507	0	0	0
162	20.3575204	0	0.9980267284	0	0	0
163	20.4831841	0	0.9980267284	0	0	0
164	20.60884781	0	0.9822872507	0	0	0
165	20.73451151	0	0.9510565163	0	0	0
166	20.86017522	0	0.9048270525	0	0	0
167	20.98583893	0	0.8443279255	0	0	0
168	21.11150263	0	0.7705132428	0	0	0
169	21.23716634	0	0.6845471059	0	0	0
170	21.36283004	0	0.5877852523	0	0	0
171	21.48849375	0	0.4817536741	0	0	0
172	21.61415746	0	0.3681245527	0	0	0
173	21.73982116	0	0.2486898872	0	0	0
174	21.86548487	0	0.1253332336	0	0	0
175	21.99114858	0	0	0	0	0
176	22.11681228	0	-0.1253332336	0	0	0
177	22.24247599	0	-0.2486898872	0	0	0
178	22.36813969	0	-0.3681245527	0	0	0
179	22.4938034	0	-0.4817536741	0	0	0
180	22.61946711	0	-0.5877852523	0	0	0
181	22.74513081	0	-0.6845471059	0	0	0
182	22.87079452	0	-0.7705132428	0	0	0
183	22.99645822	0	-0.8443279255	0	0	0
184	23.12212193	0	-0.9048270525	0	0	0
185	23.24778564	0	-0.9510565163	0	0	0
186	23.37344934	0	-0.9822872507	0	0	0
187	23.49911305	0	-0.9980267284	0	0	0
188	23.62477675	0	-0.9980267284	0	0	0
189	23.75044046	0	-0.9822872507	0	0	0
190	23.87610417	0	-0.9510565163	0	0	0
191	24.00176787	0	-0.9048270525	0	0	0
192	24.12743158	0	-0.8443279255	0	0	0
193	24.25309529	0	-0.7705132428	0	0	0
194	24.37875899	0	-0.6845471059	0	0	0
195	24.5044227	0	-0.5877852523	0	0	0
196	24.6300864	0	-0.4817536741	0	0	0
197	24.75575011	0	-0.3681245527	0	0	0
198	24.88141382	0	-0.2486898872	0	0	0
199	25.00707752	0	-0.1253332336	0	0	0
200	25.13274123	0	0	0	0	0
201	25.25840493	0	0.1253332336	0	0	0
202	25.38406864	0	0.2486898872	0	0	0
203	25.50973235	0	0.3681245527	0	0	0
204	25.63539605	0	0.4817536741	0	0	0
205	25.76105976	0	0.5877852523	0	0	0
206	25.88672347	0	0.6845471059	0	0	0
207	26.01238717	0	0.7705132428	0	0	0
208	26.13805088	0	0.8443279255	0	0	0
209	26.26371458	0	0.9048270525	0	0	0
210	26.38937829	0	0.9510565163	0	0	0
211	26.515042	0	0.9822872507	0	0	0
212	26.6407057	0	0.9980267284	0	0	0
213	26.76636941	0	0.9980267284	0	0	0
214	26.89203311	0	0.9822872507	0	0	0
215	27.01769682	0	0.9510565163	0	0	0
216	27.14336053	0	0.9048270525	0	0	0
217	27.26902423	0	0.8443279255	0	0	0
218	27.39468794	0	0.7705132428	0	0	0
219	27.52035165	0	0.6845471059	0	0	0
220	27.64601535	0	0.5877852523	0	0	0
221	27.77167906	0	0.4817536741	0	0	0
222	27.89734276	0	0.3681245527	0	0	0
223	28.02300647	0	0.2486898872	0	0	0
224	28.14867018	0	0.1253332336	0	0	0
225	28.27433388	0	0	0	0	0
226	28.39999759	0	-0.1253332336	0	0	0
227	28.52566129	0	-0.2486898872	0	0	0
228	28.651325	0	-0.3681245527	0	0	0
229	28.77698871	0	-0.4817536741	0	0	0
230	28.90265241	0	-0.5877852523	0	0	0
231	29.02831612	0	-0.6845471059	0	0	0
232	29.15397983	0	-0.7705132428	0	0	0
233	29.27964353	0	-0.8443279255	0	0	0
234	29.40530724	0	-0.9048270525	0	0	0
235	29.53097094	0	-0.9510565163	0	0	0
236	29.65663465	0	-0.9822872507	0	0	0
237	29.78229836	0	-0.9980267284	0	0	0
238	29.90796206	0	-0.9980267284	0	0	0
239	30.03362577	0	-0.9822872507	0	0	0
240	30.15928947	0	-0.9510565163	0	0	0
241	30.28495318	0	-0.9048270525	0	0	0
242	30.41061689	0	-0.8443279255	0	0	0
243	30.53628059	0	-0.7705132428	0	0	0
244	30.6619443	0	-0.6845471059	0	0	0
245	30.78760801	0	-0.5877852523	0	0	0
246	30.91327171	0	-0.4817536741	0	0	0
247	31.03893542	0	-0.3681245527	0	0	0
248	31.16459912	0	-0.2486898872	0	0	0
249	31.29026283	0	-0.1253332336	0	0	0
250	31.41592654	0	0	0	0	0
251	31.54159024	0	0.1253332336	0	0	0
252	31.66725395	0	0.2486898872	0	0	0
253	31.79291765	0	0.3681245527	0	0	0
254	31.91858136	0	0.4817536741	0	0	0
255	32.04424507	0	0.5877852523	0	0	0
256	32.16990877	0	0.6845471059	0	0	0
257	32.29557248	0	0.7705132428	0	0	0
258	32.42123619	0	0.8443279255	0	0	0
259	32.54689989	0	0.9048270525	0	0	0
260	32.6725636	0	0.9510565163	0	0	0
261	32.7982273	0	0.9822872507	0	0	0
262	32.92389101	0	0.9980267284	0	0	0
263	33.04955472	0	0.9980267284	0	0	0
264	33.17521842	0	0.9822872507	0	0	0
265	33.30088213	0	0.9510565163	0	0	0
266	33.42654583	0	0.9048270525	0	0	0
267	33.55220954	0	0.8443279255	0	0	0
268	33.67787325	0	0.7705132428	0	0	0
269	33.80353695	0	0.6845471059	0	0	0
270	33.92920066	0	0.5877852523	0	0	0
271	34.05486436	0	0.4817536741	0	0	0
272	34.18052807	0	0.3681245527	0	0	0
273	34.30619178	0	0.2486898872	0	0	0
274	34.43185548	0	0.1253332336	0	0	0
275	34.55751919	0	0	0	0	0
276	34.6831829	0	-0.1253332336	0	0	0
277	34.8088466	0	-0.2486898872	0	0	0
278	34.93451031	0	-0.3681245527	0	0	0
279	35.06017401	0	-0.4817536741	0	0	0
280	35.18583772	0	-0.5877852523	0	0	0
281	35.31150143	0	-0.6845471059	0	0	0
282	35.43716513	0	-0.7705132428	0	0	0
283	35.56282884	0	-0.8443279255	0	0	0
284	35.68849254	0	-0.9048270525	0	0	0
285	35.81415625	0	-0.9510565163	0	0	0
286	35.93981996	0	-0.9822872507	0	0	0
287	36.06548366	0	-0.9980267284	0	0	0
288	36.19114737	0	-0.9980267284	0	0	0
289	36.31681108	0	-0.9822872507	0	0	0
290	36.44247478	0	-0.9510565163	0	0	0
291	36.56813849	0	-0.9048270525	0	0	0
292	36.69380219	0	-0.8443279255	0	0	0
293	36.8194659	0	-0.7705132428	0	0	0
294	36.94512961	0	-0.6845471059	0	0	0
295	37.07079331	0	-0.5877852523	0	0	0
296	37.19645702	0	-0.4817536741	0	0	0
297	37.32212072	0	-0.3681245527	0	0	0
298	37.44778443	0	-0.2486898872	0	0	0
299	37.57344814	0	-0.1253332336	0	0	0
300	37.69911184	0	0	0	0	0
301	37.82477555	0	0.1253332336	0	0	0
302	37.95043926	0	0.2486898872	0	0	0
303	38.07610296	0	0.3681245527	0	0	0
304	38.20176667	0	0.4817536741	0	0	0
305	38.32743037	0	0.5877852523	0	0	0
306	38.45309408	0	0.6845471059	0	0	0
307	38.57875779	0	0.7705132428	0	0	0
308	38.70442149	0	0.8443279255	0	0	0
309	38.8300852	0	0.9048270525	0	0	0
310	38.9557489	0	0.9510565163	0	0	0
311	39.08141261	0	0.9822872507	0	0	0
312	39.20707632	0	0.9980267284	0	0	0
313	39.33274002	0	0.9980267284	0	0	0
314	39.45840373	0	0.9822872507	0	0	0
315	39.58406744	0	0.9510565163	0	0	0
316	39.70973114	0	0.9048270525	0	0	0
317	39.83539485	0	0.8443279255	0	0	0
318	39.96105855	0	0.7705132428	0	0	0
319	40.08672226	0	0.6845471059	0	0	0
320	40.21238597	0	0.5877852523	0	0	0
321	40.33804967	0	0.4817536741	0	0	0
322	40.46371338	0	0.3681245527	0	0	0
323	40.58937708	0	0.2486898872	0	0	0
324	40.71504079	0	0.1253332336	0	0	0
325	40.8407045	0	0	0	0	0
326	40.9663682	0	-0.1253332336	0	0	0
327	41.09203191	0	-0.2486898872	0	0	0
328	41.21769562	0	-0.3681245527	0	0	0
329	41.34335932	0	-0.4817536741	0	0	0
330	41.46902303	0	-0.5877852523	0	0	0
331	41.59468673	0	-0.6845471059	0	0	0
332	41.72035044	0	-0.7705132428	0	0	0
333	41.84601415	0	-0.8443279255	0	0	0
334	41.97167785	0	-0.9048270525	0	0	0
335	42.09734156	0	-0.9510565163	0	0	0
336	42.22300526	0	-0.9822872507	0	0	0
337	42.34866897	0	-0.9980267284	0	0	0
338	42.47433268	0	-0.9980267284	0	0	0
339	42.59999638	0	-0.9822872507	0	0	0
340	42.72566009	0	-0.9510565163	0	0	0
341	42.85132379	0	-0.9048270525	0	0	0
342	42.9769875	0	-0.8443279255	0	0	0
343	43.10265121	0	-0.7705132428	0	0	0
344	43.22831491	0	-0.6845471059	0	0	0
345	43.35397862	0	-0.5877852523	0	0	0
346	43.47964233	0	-0.4817536741	0	0	0
347	43.60530603	0	-0.3681245527	0	0	0
348	43.73096974	0	-0.2486898872	0	0	0
349	43.85663344	0	-0.1253332336	0	0	0
350	43.98229715	0	0	0	0	0
351	44.10796086	0	0.1253332336	0	0	0
352	44.23362456	0	0.2486898872	0	0	0
353	44.35928827	0	0.3681245527	0	0	0
354	44.48495197	0	0.4817536741	0	0	0
355	44.61061568	0	0.5877852523	0	0	0
356	44.73627939	0	0.6845471059	0	0	0
357	44.86194309	0	0.7705132428	0	0	0
358	44.9876068	0	0.8443279255	0	0	0
359	45.11327051	0	0.9048270525	0	0	0
360	45.23893421	0	0.9510565163	0	0	0
361	45.36459792	0	0.9822872507	0	0	0
362	45.49026162	0	0.9980267284	0	0	0
363	45.61592533	0	0.9980267284	0	0	0
364	45.74158904	0	0.9822872507	0	0	0
365	45.86725274	0	0.9510565163	0	0	0
366	45.99291645	0	0.9048270525	0	0	0
367	46.11858015	0	0.8443279255	0	0	0
368	46.24424386	0	0.7705132428	0	0	0
369	46.36990757	0	0.6845471059	0	0	0
370	46.49557127	0	0.5877852523	0	0	0
371	46.62123498	0	0.4817536741	0	0	0
372	46.74689869	0	0.3681245527	0	0	0
373	46.87256239	0	0.2486898872	0	0	0
374	46.9982261	0	0.1253332336	0	0	0
375	47.1238898	0	0	0	0	0
376	47.24955351	0	-0.1253332336	0	0	0
377	47.37521722	0	-0.2486898872	0	0	0
378	47.50088092	0	-0.3681245527	0	0	0
379	47.62654463	0	-0.4817536741	0	0	0
380	47.75220833	0	-0.5877852523	0	0	0
381	47.87787204	0	-0.6845471059	0	0	0
382	48.00353575	0	-0.7705132428	0	0	0
383	48.12919945	0	-0.8443279255	0	0	0
384	48.25486316	0	-0.9048270525	0	0	0
385	48.38052687	0	-0.9510565163	0	0	0
386	48.50619057	0	-0.9822872507	0	0	0
387	48.63185428	0	-0.9980267284	0	0	0
388	48.75751798	0	-0.9980267284	0	0	0
389	48.88318169	0	-0.9822872507	0	0	0
390	49.0088454	0	-0.9510565163	0	0	0
391	49.1345091	0	-0.9048270525	0	0	0
392	49.26017281	0	-0.8443279255	0	0	0
393	49.38583651	0	-0.7705132428	0	0	0
394	49.51150022	0	-0.6845471059	0	0	0
395	49.63716393	0	-0.5877852523	0	0	0
396	49.76282763	0	-0.4817536741	0	0	0
397	49.88849134	0	-0.3681245527	0	0	0
398	50.01415505	0	-0.2486898872	0	0	0
399	50.13981875	0	-0.1253332336	0	0	0